       1           8           128          20.376 
       1          32            32          13.228 
       1          64            16          10.764 
       1         128             8          13.738 
       1         256             4          14.141 
       1         512             2          15.636 
      10           8          1280         124.098 
      10          32           320         130.882 
      10          64           160         195.060 
      10         128            80         185.028 
      10         256            40         136.146 
      10         512            20         186.890 
      50           8          6400         828.045 
      50          32          1600         675.376 
      50          64           800         670.042 
      50         128           400         666.338 
      50         256           200         721.919 
      50         512           100         836.105 
     100           8         12800         345.811 
     100          32          3200         445.074 
     100          64          1600         442.680 
     100         128           800         429.994 
     100         256           400         366.758 
     100         512           200         429.054 
     200           8         25600         700.272 
     200          32          6400         721.143 
     200          64          3200         835.292 
     200         128          1600         914.948 
     200         256           800         822.741 
     200         512           400         871.549 
     500           8         64000        1164.994 
     500          32         16000        1882.158 
     500          64          8000        1977.084 
     500         128          4000        1676.371 
     500         256          2000        1925.077 
     500         512          1000        1603.273 
     700           8         89600        1393.823 
     700          32         22400        2362.422 
     700          64         11200        2434.826 
     700         128          5600        2543.282 
     700         256          2800        2889.541 
     700         512          1400        2146.286 
    1000           8        128000        1891.301 
    1000          32         32000        2548.375 
    1000          64         16000        2942.136 
    1000         128          8000        3612.347 
    1000         256          4000        3694.596 
    1000         512          2000        3456.019 
    2000           8        256000        2106.893 
    2000          32         64000        4342.463 
    2000          64         32000        4809.930 
    2000         128         16000        5518.750 
    2000         256          8000        5030.985 
    2000         512          4000        6067.141 
    3000           8        384000        2390.797 
    3000          32         96000        3536.893 
    3000          64         48000        6064.464 
    3000         128         24000        6183.980 
    3000         256         12000        6266.404 
    3000         512          6000        7256.034 
    4000           8        512000        2463.505 
    4000          32        128000        5703.394 
    4000          64         64000        7641.228 
    4000         128         32000        8587.385 
    4000         256         16000        8702.661 
    4000         512          8000        8484.672 
    5000           8        640000        2544.110 
    5000          32        160000        6302.053 
    5000          64         80000        7170.903 
    5000         128         40000        8354.545 
    5000         256         20000        7986.272 
    5000         512         10000        7764.562 
    6000           8        768000        2556.940 
    6000          32        192000        6297.029 
    6000          64         96000        7389.125 
    6000         128         48000        8495.248 
    6000         256         24000        8313.846 
    6000         512         12000        8472.554 
    8000           8       1024000        2701.284 
    8000          32        256000        7507.249 
    8000          64        128000       10851.657 
    8000         128         64000       11737.765 
    8000         256         32000       11924.901 
    8000         512         16000       11634.797 
