       1           8           128          13.752
       1          32            32          13.401
       1          64            16          13.678
       1         128             8          13.376
       1         256             4          16.252
       1         512             2          17.666
      10           8          1280         168.203
      10          32           320         195.838
      10          64           160         183.865
      10         128            80         136.267
      10         256            40         132.984
      10         512            20         139.873
      50           8          6400         622.628
      50          32          1600         849.437
      50          64           800         914.674
      50         128           400         717.547
      50         256           200         683.300
      50         512           100         811.711
     100           8         12800        1145.229
     100          32          3200        1691.973
     100          64          1600        1186.660
     100         128           800        1816.774
     100         256           400        1726.403
     100         512           200        1742.159
     200           8         25600         655.814
     200          32          6400         942.169
     200          64          3200         947.822
     200         128          1600         750.192
     200         256           800         926.107
     200         512           400         692.231
     500           8         64000        1175.817
     500          32         16000        1595.123
     500          64          8000        1618.566
     500         128          4000        2026.884
     500         256          2000        1630.974
     500         512          1000        2151.720
     700           8         89600        1598.313
     700          32         22400        2533.370
     700          64         11200        2770.069
     700         128          5600        2860.587
     700         256          2800        3043.860
     700         512          1400        2318.527
    1000           8        128000        1815.023
    1000          32         32000        2714.361
    1000          64         16000        3521.457
    1000         128          8000        3683.900
    1000         256          4000        2840.939
    1000         512          2000        3660.939
    2000           8        256000        2237.508
    2000          32         64000        4136.177
    2000          64         32000        5484.614
    2000         128         16000        5375.008
    2000         256          8000        5298.136
    2000         512          4000        4562.895
    3000           8        384000        2323.514
    3000          32         96000        5375.919
    3000          64         48000        5855.526
    3000         128         24000        6410.200
    3000         256         12000        6472.081
    3000         512          6000        6410.499
    4000           8        512000        2385.555
    4000          32        128000        5582.184
    4000          64         64000        6668.799
    4000         128         32000        6946.799
    4000         256         16000        6659.348
    4000         512          8000        6927.541
    5000           8        640000        2541.363
    5000          32        160000        6674.580
    5000          64         80000        8046.306
    5000         128         40000        8154.485
    5000         256         20000        7785.763
    5000         512         10000        8321.766
    6000           8        768000        2601.992
    6000          32        192000        6825.365
    6000          64         96000        8409.138
    6000         128         48000        8711.993
    6000         256         24000        8877.625
    6000         512         12000        8825.086
    8000           8       1024000        2642.307
    8000          32        256000        7500.540
    8000          64        128000        9764.237
    8000         128         64000        9985.575
    8000         256         32000        9326.115
    8000         512         16000        9534.771
