       1          32            32           4.942
       1          64            16           4.441
       1         128             8           3.831
       1         256             4           5.152
      10          32           320          50.518
      10          64           160          37.214
      10         128            80          40.051
      10         256            40          38.226
      50          32          1600         247.843
      50          64           800         207.361
      50         128           400         251.388
      50         256           200         238.196
     100          32          3200         337.530
     100          64          1600         398.478
     100         128           800         353.832
     100         256           400         328.880
     200          32          6400         737.729
     200          64          3200         808.893
     200         128          1600         972.468
     200         256           800         816.679
     500          32         16000        1616.092
     500          64          8000        1282.343
     500         128          4000        1470.722
     500         256          2000        1382.352
     700          32         22400        1577.065
     700          64         11200        1883.721
     700         128          5600        2890.670
     700         256          2800        1977.864
    1000          32         32000        2236.635
    1000          64         16000        2674.898
    1000         128          8000        3039.945
    1000         256          4000        3005.641
    2000          32         64000        2849.007
    2000          64         32000        4154.745 
    2000         128         16000        5378.479
    2000         256          8000        4574.665
    3000          32         96000        3209.066
    3000          64         48000        4409.523
    3000         128         24000        5053.584
    3000         256         12000        5197.359
    4000          32        128000        3793.617
    4000          64         64000        5279.971
    4000         128         32000        5951.928
    4000         256         16000        5578.729
    5000          32        160000        3797.516
    5000          64         80000        5823.487
    5000         128         40000        6473.504
    5000         256         20000        6246.203
    6000          32        192000        4058.976
    6000          64         96000        6230.375
    6000         128         48000        7087.222
    6000         256         24000        7048.874
    8000          32        256000        4132.539
    8000          64        128000        6791.469
    8000         128         64000        8462.469
    8000         256         32000        7802.326
